0.25899 0.25899 0.25899 0.2 
0.25899 0.25899 0.25899 0.3
0.25899 0.25899 0.25899 0.4 
0.25899 0.25899 0.25899 0.5
0.25899 0.25899 0.25899 0.25899 
0.25899 0.25899 0.25899 0.25899 
0.25899 0.25899 0.25899 0.25899 
0.25899 0.25899 0.25899 0.25899 
0.25899 0.25899 0.25899 0.25899
0.25899 0.25899 0.25899 0.25899 
0.25899 0.25899 0.25899 0.25899 
0.25899 0.25899 0.25899 0.25899 
0.25899 0.25899 0.25899 0.25899 
0.25899 0.25899 0.25899 0.25899 
0.25899 0.25899 0.25899 0.25899 
0.25899 0.25899 0.25899 0.25899 
0.25899 0.25899 0.25899 0.25899 
0.25899 0.25899 0.25899 0.25899 
